"Energies"
3.97766165245026
3.94440363201127
3.94440363201127
3.91114561157228
3.88979969412755
3.88979969412755
3.85654167368856
3.85654167368855
3.81506960054112
3.81506960054112
3.80193773580484
3.78181158010213
3.78181158010213
3.72720764221842
3.72720764221841
3.72188269805496
3.72188269805496
3.68862467761597
3.68862467761597
3.65247754863199
3.63402073973225
3.63402073973224
3.61232062808386
3.61232062808386
3.57906260764487
3.57906260764487
3.55929064614582
3.55929064614582
3.52445866976116
3.52445866976115
3.48883082622513
3.48883082622513
3.46610374365965
3.45557280578614
3.45557280578614
3.44972857617473
3.44972857617473
3.40096886790242
3.40096886790242
3.35654167368856
3.35654167368856
3.35417185059152
3.35417185059152
3.326238774316
3.326238774316
3.32091383015254
3.32091383015254
3.26630989226881
3.26630989226881
3.24697960371747
3.23305187182983
3.23305187182983
3.21135176018144
3.21135176018144
3.19157979868239
3.19157979868239
3.17809373974246
3.17809373974246
3.12348980185873
3.12348980185873
3.12348980185873
3.12348980185873
3.09839289619622
3.09839289619622
3.06356091981155
3.06356091981155
3.04875970827231
3.04875970827231
3.03030289937257
3.03030289937256
3
2.98883082622513
2.98883082622513
2.97569896148884
2.97569896148884
2.95557280578614
2.95557280578614
2.91410073263871
2.9141007326387
2.90096886790242
2.90096886790242
2.88084271219972
2.88084271219972
2.8653410243664
2.86534102436639
2.84601073581505
2.84601073581505
2.826238774316
2.82623877431599
2.80778196541625
2.80778196541625
2.76630989226882
2.76630989226881
2.75150868072957
2.75150868072957
2.73305187182983
2.73305187182983
2.73068204873279
2.72252093395631
2.72252093395631
2.69821989544516
2.69821989544516
2.67844793394611
2.6784479339461
2.6583217782434
2.6583217782434
2.62348980185874
2.62348980185873
2.60371784035968
2.60371784035968
2.59023178141975
2.59023178141975
2.58786195832271
2.58786195832271
2.57473009358643
2.57473009358642
2.54875970827231
2.54875970827231
2.53562784353603
2.53562784353602
2.51053093787351
2.51053093787351
2.48883082622513
2.48883082622513
2.4608977499496
2.4608977499496
2.45557280578614
2.45557280578614
2.44504186791263
2.44007111795282
2.44007111795282
2.42526990641358
2.42526990641358
2.40096886790242
2.40096886790242
2.40096886790242
2.40096886790242
2.36771084746343
2.36771084746343
2.3653410243664
2.3653410243664
2.33208300392741
2.33208300392741
2.326238774316
2.32623877431599
2.29725102754274
2.29725102754274
2.29061093077997
2.29061093077997
2.27747906604369
2.27747906604368
2.27747906604368
2.27747906604368
2.25814877749234
2.25814877749234
2.2557789543953
2.2557789543953
2.23305187182983
2.23305187182983
2.22252093395632
2.22252093395631
2.20274897245726
2.20274897245726
2.16791699607259
2.16791699607259
2.16259205190913
2.16259205190913
2.14946018717285
2.14779084036989
2.14779084036989
2.14282009041008
2.14282009041008
2.13465897563361
2.1346589756336
2.12933403147015
2.12933403147015
2.12348980185873
2.12348980185873
2.10956206997109
2.10956206997109
2.09318690248617
2.09318690248617
2.08786195832271
2.08786195832271
2.07473009358643
2.07473009358642
2.05460393788372
2.05460393788372
2.03325802043899
2.03325802043899
2
2
2
2
2
2
2
2
2
2
2
2
2
2
2
2
2
2
1.99999999999999
1.99999999999999
1.96674197956102
1.96674197956101
1.94539606211628
1.94539606211628
1.92526990641358
1.92526990641358
1.91213804167729
1.91213804167729
1.90681309751383
1.90681309751383
1.89043793002891
1.89043793002891
1.87651019814127
1.87651019814127
1.87066596852986
1.87066596852985
1.8653410243664
1.86534102436639
1.85717990958992
1.85717990958992
1.85220915963011
1.85220915963011
1.85053981282715
1.83740794809087
1.83740794809087
1.83208300392741
1.83208300392741
1.79725102754274
1.79725102754274
1.77747906604369
1.77747906604369
1.76694812817018
1.76694812817017
1.7442210456047
1.7442210456047
1.74185122250766
1.74185122250766
1.72252093395632
1.72252093395631
1.72252093395631
1.72252093395631
1.70938906922003
1.70938906922003
1.70274897245726
1.70274897245726
1.67376122568401
1.673761225684
1.66791699607259
1.66791699607259
1.63465897563361
1.63465897563361
1.63228915253657
1.63228915253657
1.59903113209758
1.59903113209758
1.59903113209758
1.59903113209758
1.57473009358643
1.57473009358642
1.55992888204718
1.55992888204718
1.55495813208737
1.54442719421386
1.54442719421386
1.5391022500504
1.5391022500504
1.51116917377487
1.51116917377487
1.48946906212649
1.48946906212649
1.46437215646398
1.46437215646398
1.45124029172769
1.45124029172769
1.42526990641358
1.42526990641358
1.41213804167729
1.41213804167729
1.40976821858026
1.40976821858025
1.39628215964032
1.39628215964032
1.37651019814127
1.37651019814127
1.3416782217566
1.3416782217566
1.3215520660539
1.3215520660539
1.30178010455484
1.30178010455484
1.27747906604369
1.27747906604369
1.26931795126721
1.26694812817017
1.26694812817017
1.24849131927043
1.24849131927043
1.23369010773119
1.23369010773119
1.19221803458375
1.19221803458375
1.17376122568401
1.17376122568401
1.15398926418495
1.15398926418495
1.13465897563361
1.13465897563361
1.11915728780029
1.11915728780028
1.09903113209758
1.09903113209758
1.0858992673613
1.0858992673613
1.04442719421386
1.04442719421386
1.02430103851116
1.02430103851116
1.01116917377487
1.01116917377487
1
0.969697100627436
0.969697100627435
0.951240291727692
0.951240291727691
0.936439080188447
0.936439080188446
0.90160710380378
0.901607103803779
0.876510198141268
0.876510198141268
0.876510198141267
0.876510198141266
0.821906260257547
0.821906260257545
0.808420201317611
0.80842020131761
0.788648239818558
0.788648239818556
0.766948128170174
0.766948128170174
0.753020396282533
0.733690107731186
0.733690107731185
0.679086169847466
0.679086169847465
0.673761225684007
0.673761225684006
0.645828149408477
0.645828149408477
0.643458326311441
0.643458326311441
0.599031132097581
0.59903113209758
0.550271423825274
0.550271423825272
0.54442719421386
0.544427194213859
0.533896256340348
0.511169173774872
0.511169173774872
0.475541330238849
0.475541330238847
0.440709353854181
0.440709353854178
0.420937392355128
0.420937392355127
0.387679371916139
0.387679371916139
0.365979260267755
0.365979260267754
0.34752245136801
0.311375322384035
0.311375322384033
0.278117301945046
0.278117301945044
0.272792357781587
0.272792357781586
0.218188419897867
0.218188419897864
0.198062264195162
0.184930399458877
0.184930399458876
0.14345832631144
0.14345832631144
0.110200305872452
0.110200305872452
0.0888543884277192
0.0555963679887304
0.0555963679887296
0.0223383475497427
