0
0
0
0
0
0
0
0
0
4.6943941263871e-307
3.3083981676023e-279
5.32495927479662e-256
2.30543827497805e-236
1.56309506517317e-219
6.04022383183775e-205
3.50539705922865e-192
6.40931327044617e-181
6.56967966071062e-171
5.94998063123439e-162
6.85156487700956e-154
1.34686353398741e-146
5.7518676685076e-140
6.51223761688764e-134
2.30758732766425e-128
2.94192650836809e-123
1.5183669763855e-118
3.50775669744043e-114
3.95359970808018e-110
2.341586411832e-106
7.77188769337138e-103
1.52890499529874e-99
1.87227056250657e-96
1.49006743649297e-93
8.00581867796553e-91
3.00326847098509e-88
8.10535604443791e-86
1.61634853221768e-83
2.43925821331699e-81
2.84610662582543e-79
2.617549402974e-77
1.93086143930183e-75
1.160544498926e-73
5.76543995138281e-72
2.39830516584266e-70
8.45313252057678e-69
2.55190862236242e-67
6.66408195705245e-66
1.51907449707519e-64
3.04786569845e-63
5.42395290205224e-62
8.62191690763095e-61
1.23222034408847e-59
1.59288645952993e-58
1.87290061066796e-57
2.01336981992453e-56
1.98836609005489e-55
1.81205698312281e-54
1.53022430115065e-53
1.20206717251035e-52
8.81583104044728e-52
6.05656183484723e-51
3.91012147547712e-50
2.37925613713106e-49
1.36830938113665e-48
7.45676917740264e-48
3.86013916393305e-47
1.9025681894665e-46
8.947524058624e-46
4.02324746395713e-45
1.73299407701962e-44
7.16394180245195e-44
2.84699069974560e-43
1.08943839725273e-42
4.02038372822505e-42
1.43288259203555e-41
4.93888470539351e-41
1.64849734903982e-40
5.33489140079293e-40
1.67590955016137e-39
5.11619917807546e-39
1.5194152727593e-38
4.39415684665651e-38
1.23868646297414e-37
3.40667653135135e-37
9.14876136898903e-37
2.40113305574323e-36
6.16363240449005e-36
1.5486462365055e-35
3.81132824888851e-35
9.19409186411403e-35
2.17538542350371e-34
5.05164193343354e-34
1.15202039173561e-33
2.5814883220833e-33
5.68726035870348e-33
1.23250740244235e-32
2.62875716213734e-32
5.52074786460131e-32
1.14218199015267e-31
2.32893814903965e-31
4.68223730342075e-31
9.2854277810077e-31
1.81709090745326e-30
3.51029962266538e-30
6.69675975420475e-30
1.26209605796466e-29
2.35058336729729e-29
4.32770217398097e-29
7.87907415572097e-29
1.41893263403325e-28
2.52839547489917e-28
4.45910987760438e-28
7.78556662544646e-28
1.34612665939086e-27
2.30539872012732e-27
3.91180815116316e-27
6.5778463107861e-27
1.09638823986321e-26
1.81182366752205e-26
2.96914651717413e-26
4.82615888624965e-26
7.78239155712897e-26
1.24523227857047e-25
1.97740270948462e-25
3.11692508303787e-25
4.87776192236876e-25
7.57969853602439e-25
1.16974757154552e-24
1.79312604106011e-24
2.73070854860101e-24
4.13191244809125e-24
6.21300182193201e-24
9.28512887487601e-24
1.37933614085418e-23
2.03706971645365e-23
2.99124122374375e-23
4.36778528598955e-23
6.34290742795221e-23
9.16187031698487e-23
1.3164323290696e-22
1.88182879583416e-22
2.6765540910753e-22
3.78819334058485e-22
5.33571991370011e-22
7.48000757796399e-22
1.04376165730148e-21
1.4498796092593e-21
2.00508945641461e-21
2.76086777267048e-21
3.78534356701681e-21
5.16832289822453e-21
7.02771990434558e-21
9.51775696706401e-21
1.28393821854473e-20
1.72534559710521e-20
2.3097383836255e-20
3.08060233347873e-20
4.09378742750691e-20
5.4207778138836e-20
7.1527611298543e-20
9.40567642629103e-20
1.23264563957339e-19
1.61007227296279e-19
2.09622442659571e-19
2.72045273422232e-19
3.51949778089735e-19
4.53921560315952e-19
5.83667416543989e-19
7.48269358779627e-19
9.56491577014091e-19
1.21915039457148e-18
1.54955898750039e-18
1.9640606164595e-18
2.48266639009152e-18
3.12981617997234e-18
3.93528428008131e-18
4.9352547937764e-18
6.17359558838163e-18
7.70336403643425e-18
9.58858272327774e-18
1.19063289084004e-17
1.47491878539251e-17
1.82281272553782e-17
2.2475858011283e-17
2.7650755540147e-17
3.39414258942609e-17
4.15720121352783e-17
5.08083489407331e-17
6.19650873258085e-17
7.54139268219305e-17
9.15931095933534e-17
1.11018349944608e-16
1.34295393635037e-16
1.62134424541408e-16
1.95366561675943e-16
2.34962717566028e-16
2.82055119735352e-16
3.37961830707651e-16
4.04214638808265e-16
4.82590732302191e-16
5.75148613328446e-16
6.84268755930063e-16
8.12699564509474e-16
9.63609245545501e-16
1.14064426668763e-15
1.34799514370537e-15
1.59047036753708e-15
1.87357936118686e-15
2.20362543980717e-15
2.58780983733441e-15
3.03434795988666e-15
3.55259913016464e-15
4.15321119871352e-15
4.8482815175042e-15
5.65153589929152e-15
6.57852732302677e-15
7.64685629167139e-15
8.8764149045214e-15
1.02896568720523e-14
1.19118958777906e-14
1.37716348792694e-14
1.59009291392018e-14
1.83357859890773e-14
2.11166045509319e-14
2.42886588795422e-14
2.79026282372225e-14
3.201517847726e-14
3.66895987902684e-14
4.19964983608807e-14
4.80145677906958e-14
5.48314104677346e-14
6.25444494033096e-14
7.12619154146475e-14
8.11039229062695e-14
9.22036398954993e-14
1.04708559337965e-13
1.18781879238019e-13
1.34603999477061e-13
1.5237414376016e-13
1.72312115568643e-13
1.94660197513649e-13
2.19685204013599e-13
2.47680697767266e-13
2.78969381064105e-13
3.13905673564896e-13
3.52878488798973e-13
3.96314222259515e-13
4.44679964635761e-13
4.98486954401016e-13
5.58294284677702e-13
6.247128800261e-13
6.98409759551566e-13
7.80112603496186e-13
8.70614641275024e-13
9.70779879734467e-13
1.08154869125043e-12
1.20394378214763e-12
1.33907656280741e-12
1.4881539417409e-12
1.65248556683591e-12
1.83349153794073e-12
2.03271061592428e-12
2.25180895435132e-12
2.49258938093141e-12
2.75700125694266e-12
3.04715094389431e-12
3.36531290777556e-12
3.71394149234231e-12
4.09568339401707e-12
4.51339087212005e-12
4.97013572931096e-12
5.4692240983011e-12
6.01421207209164e-12
6.60892221620859e-12
7.25746100263453e-12
7.96423720638217e-12
8.73398130691521e-12
9.57176593789509e-12
1.04830274300188e-11
1.14735884930113e-11
1.2549682084146e-11
1.37179765119866e-11
1.49856018253708e-11
1.63601775389979e-11
1.78498417483201e-11
1.94632816877957e-11
2.12097657879091e-11
2.30991772877307e-11
2.51420494611446e-11
2.73496025162414e-11
2.97337822287322e-11
3.23073003716108e-11
3.50836770046436e-11
3.80772846886343e-11
4.13033946907569e-11
4.47782252486029e-11
4.85189919619299e-11
5.25439603824311e-11
